00000000000000000000000000000000000000000000000000000000000
01111111001100010000100011001011110001100101111110011111110
01000001010100110011000001010100111101011000000010010000010
01011101000000000000000011101101110011011110011110010111010
01011101011100100111010010001010101111100010101010010111010
01011101001001011011101001011111010011100011000010010111010
01000001011010100011000000110001000111101001011100010000010
01111111010101010101010101010101010101010101010101011111110
00000000001100111101010001110001110010100111111110000000000
01111101110010001101111000011111000001101011001000101010100
01001000110011011010001111111111101010000001000001100100010
01111101101011011001110001101000010111110010101111111011100
01010000000001111010001011101111110100011000101000111111010
01100011011011001101001001010001100111100011101000011001000
00010100111010000010100111100001100010101011100001101001000
00010101000001110100000101111010011111011110101110010000100
01010000001000000101000110000101010001011100101010100101110
01111001100001000111110010011010101011000001101010011000100
00001100001011010000101111100111110001101101100001001100110
01101001000001111101001010111010000101010100100011111001100
00010010001010010100110101101110111000001111011001001111100
00011101001101111111110010011010101111110000101010000001100
01010100000001001001000001000111100001100011111001101011000
00111011011010000111100010010000011110000111001101001001100
01010000100000100011100101000111111010001101011001100101010
00111111111011010101111000110011001101110011100000110010110
01111100011010101010001111101101011011101001001001100110110
01011111110011010011011110011111100101010010100101111100000
00010100011100011110000010110001011100111001000001000111010
01001101010001011111010001010101100001000010101111010111100
00100100011110110000001111010001000001000111000001000110100
01110111111101011110000111111111011110011000110101111101100
00101010100011011010101111100010011010011111000000011011000
00111011000010011111010010011101101101100010101101000010000
00001100001010000000001111000000010000100011100000100011010
01100111111111000110100011101111111101111000101001101111100
01101110001110100110101001000100011000101101010010011011010
00011101110101001111011000010111100011100000100100000111000
01011010100011001001101111011001010010000011010000001000000
01011101011111000011000101111011101110010001110001100001000
01001000000100011100101011101111111000000111011011011001100
01101101001010100101111000001100000111111010100000011110000
00011000101111111010001111011010100000001001001000101001010
01000101011001101001101010111001011111111110000101100010100
01111000110011011111001101101000010000111011001010000011110
00111101011100010111010001011101101001000011101101110101100
00010100000101110000101111000000111011101101110011110001010
01010011011110011010101010111101001100110100111100100001000
01111100000100011000010001100110011110001111101000111011100
00000001001111000011010000011111100001110000100001111100100
00000000010000000000101111010001010011101111000001000101010
01111111011110010010101001010101100111011010111011010100100
01000001001110110011111010010001010100101101011011000111100
01011101011100100101110000111111101111110011101111111101110
01011101011000001000001111101101000000001011100000110001000
01011101011011110011000010110011111101011101001011100011000
01000001010111101010100101010101110010100100111001100011000
01111111011100100101111000100110001001101011001011010000100
00000000000000000000000000000000000000000000000000000000000
