00000000000000000000000000000000000000000000000
01111111000000011000101010101011001001011111110
01000001011101000110110111010100111010010000010
01011101000111010011101001111111011010010111010
01011101010110100111010110000001101011010111010
01011101001000010000111111101111000111010111010
01000001010001010101010001111100111000010000010
01111111010101010101010101010101010101011111110
00000000001000100111110001001111011110000000000
01111101110111001111011111100000000001101010100
01011000000110111010101010101011000011000101000
00101011011001101001011001110100110001010111100
00000010110110001000000000010110010000011111110
00001101000100001111001101010001100100100000000
01101010111100010000110000101001000001100011010
01110011110000010100111001010100101110011011100
00111000110100110000101011001100011011001011110
00010101100111000111010111111011100101000011100
01000100000000000000111110100011100011101010100
00000001011100010111011001110010011010000001100
01000100110111100111000011111111011001111111010
01100111111111000111111111000010100001111100110
01001100011100010010010001101101000011000101010
01111101010100110111010101011100111101010100000
00101100010011011011110001101101010001000111000
01000111111011111111011111000000100011111111010
01100000111001000010111101100011100000000010000
01011001010111000001010000100110000011000001100
00010110110001001100110011110110010100010111100
01101001001101100101111011000001101001100000010
01101100101011100000100110001001000010010011010
01010111010011000101000110010100100111101101000
00010010000111101000000101111101011010100101110
00111101110001001111110001110010100100111100000
00000010001110100010011101100011101010010010000
00000101101000100010010000011010111111100101100
00111100001010010001011111101111011100010011000
01001101010011100111011111110010101101111101100
00000000011111000010110001001111000011000101100
01111111011001110011110101011100111101010101100
01000001000010011001010001111111011101000111100
01011101011011110111011111010001101001111101100
01011101011101000010111011101111100000001001100
01011101010111000001100101010100101111010001010
01000001010001101101010110110110010110100011000
01111111011101101111101101000001101001001100100
00000000000000000000000000000000000000000000000
