0000000000000000000000000000000000000000000000000000000
0111111100101100010010111101011110001110100100011111110
0100000101010111111111001110001110010101010110010000010
0101110100111001011110000000011111111011110010010111010
0101110101010010110101001111101100100100100101010111010
0101110100100001101010101111110110001100011100010111010
0100000101000000010111100100011010110101000100010000010
0111111101010101010101010101010101010101010101011111110
0000000000101010111100010100011001100010111011000000000
0111110111010000001111000111111010011101101101101010100
0001100000111110100000111000011101000110101110000000000
0111111100101010000111001011100011011001000010110110000
0111011011010001100000000110100101100010111110010010000
0011111101001110110111000011001010001111101001100101000
0011011011000111001010000110011100101110100100101000110
0100000111111011010110000101000010011101101011111101000
0110101001110001011101101100001001000001110110101010110
0001110110100011100101001111100010101110001101001110100
0101000010111100011010110110111111000110001110000011100
0110000100000000110100100011001011001011110000111101000
0000001000011101010101011110010111100010010101000010010
0011001111010000111101100101101000001101101101010101100
0100110001000001000110111101110100100100000100000110010
0010110111010000010000100110001001011111111010110100000
0011000000011010011101011100101101010000110010010000110
0110111111010000000111100111111110010101001101111101000
0011110001011010100000011100011100001110011111000100000
0101010101100010000110111101010001111111010001010111000
0000110001101111100110100100011111100000010101000110110
0011111111010000111101101111111100101101100011111101010
0101110000000101000010111111100110000010100101111100110
0111110101100011011111100011011001111101111000000100000
0110100010111101101000111111101001010000001011110110010
0000010101100111100101100010111110111111000100001000000
0100010011000100010010010011101100001110000101000101100
0010010111001011111100000110010000111011000000000000000
0110001010111100010110010100001111001010010111110110000
0100010100010000111101000000100000100100101001100001110
0101000001011111001010111111011111000000010110010101110
0000000100011000110001000100010010110111001000001010100
0000111001100110011111100101100111100010111011111010100
0011100110101100000111101110000010001100000101011000010
0000001011011010101000011101001100001110101111110101100
0110111111010110000100000000110011110110011011001110000
0011000000101001100010110101100111001001011111111110110
0000100111101100111101001111111100100100100101111111110
0000000001000010000010011100010110101100110111000111110
0111111101010001110010111101011000010111001001010101100
0100000100101110001000000100011101010011110101000110110
0101110101010010100101000111111100001111000011111110100
0101110101010001010110111110111110000010011101110100000
0101110101010110110001100101101010111001010010101111010
0100000101001011011100110010011111000000011111000110100
0111111101011111011101000100101000001110101100111101000
0000000000000000000000000000000000000000000000000000000
